1760194882 3962
1760348734 4066
1760354635 4629
1760354728 4868
1760457828 5625
1760496698 5624
1760496764 5624
1760497457 5628
1760497514 5622
1760497556 5627
1760497599 5679
1760582553 5680
1760582607 5680
1760586978 5690
1760587012 5690
1760587041 5700
1760587110 5700
1760609095 5712
1760609129 5880
1760609198 5880
1760609220 5885
1760609241 5995
1760609280 6004
1760609367 6040
1760611247 6039
1760611353 5979
1760611385 5980
1760611396 5979
1760611424 6013
1760611458 6079
1760611505 6080
1760611524 6084
1760614082 6088
1760614114 6090
1760614213 6090
1760625760 6228
1760753202 6238
1760753262 6184
1760753282 6184
1760753301 6186
1760755176 6200
1760756046 6225
1760762466 6290
1760778333 6491
1760780193 6506
1760782392 6590
1760805916 6594
1760951801 6702
1760962324 6784
1760963006 6789
1761027934 6788
1761027943 6787
1761027995 6778
1761031724 6745
1761032503 6756
1761032613 6756
1761032903 6756
1761056249 6776
1761056668 5772
1761058171 5633
1761112441 5690
1761121821 5675
1761126400 5909
1761126485 5908
1761127489 5921
1761141390 5950
1761143969 5958
1761144395 5958
1761179931 5987
1761184238 6127
1761190201 6164
1761190641 6164
1761201253 6164
1761202658 6164
1761204291 6149
1761204760 6153
1761205553 6152
1761206278 6167
1761206573 6137
1761325649 6603
1761325831 6623
1761327839 6645
1761328357 6644
1761328632 6617
1761329169 6633
1761445921 6631
1761556754 6630
1761660589 6647
1762013204 7790
1762019090 8518
1762152282 8906
1762160126 8890
1762164174 8990
1762180799 8991
1762186825 8960
1762237643 9037
